1|8492|0|bgp
1|14061|0|bgp
1|49120|-1|bgp
1|49673|0|bgp
1|51705|-1|bgp
1|61068|-1|bgp
2|3999|-1|bgp
2|50019|-1|bgp
3|293|0|bgp
3|6939|0|bgp
12|54965|-1|bgp
12|394666|-1|bgp
24|10343|-1|bgp
24|22388|0|bgp
33|13979|-1|bgp
33|54680|-1|bgp
34|2|-1|bgp
35|5691|-1|bgp
42|187|-1|bgp
42|293|0|bgp
42|513|0|bgp
42|553|0|bgp
42|680|0|bgp
42|715|-1|bgp
42|852|0|bgp
42|1031|0|bgp
42|1103|0|bgp
42|1140|0|bgp
42|1239|0|bgp
42|1257|0|bgp
42|1267|0|bgp
42|1273|0|bgp
42|1280|0|bgp
42|1403|0|bgp
42|1764|0|bgp
42|1798|0|bgp
42|1828|0|bgp
42|1836|0|bgp
42|2027|0|bgp
42|2119|0|bgp
42|2152|0|bgp
42|2381|0|bgp
42|2497|0|bgp
42|2500|0|bgp
42|2518|0|bgp
42|2603|0|bgp
42|2613|0|bgp
42|3170|0|bgp
42|3216|0|bgp
42|3257|0|bgp
42|3292|0|bgp
42|3303|0|bgp
42|3333|0|bgp
42|3399|0|bgp
42|3491|0|bgp
42|3741|0|bgp
42|4181|0|bgp
42|4230|0|bgp
42|4608|0|bgp
42|4657|0|bgp
42|4775|0|bgp
42|4777|0|bgp
42|4826|0|bgp
42|5398|0|bgp
42|5413|0|bgp
42|5645|0|bgp
42|5713|0|bgp
42|6079|0|bgp
42|6082|0|bgp
42|6233|0|bgp
42|6423|0|bgp
42|6461|0|bgp
42|6720|0|bgp
42|6762|0|bgp
42|6774|0|bgp
42|6805|0|bgp
42|6894|0|bgp
42|6939|0|bgp
42|7195|0|bgp
42|7500|0|bgp
42|7575|0|bgp
42|7713|0|bgp
42|7738|0|bgp
42|7922|0|bgp
42|8218|0|bgp
42|8220|0|bgp
42|8283|0|bgp
42|8359|0|bgp
42|8447|0|bgp
42|8455|0|bgp
42|8492|0|bgp
42|8560|0|bgp
42|8758|0|bgp
42|8881|0|bgp
42|8896|0|bgp
42|8966|0|bgp
42|9002|0|bgp
42|9044|0|bgp
42|9145|0|bgp
42|9266|0|bgp
42|9304|0|bgp
42|9505|0|bgp
42|9902|0|bgp
42|9957|0|bgp
42|10886|-1|bgp
42|11039|0|bgp
42|11686|0|bgp
42|12186|0|bgp
42|12350|0|bgp
42|12552|0|bgp
42|12637|0|bgp
42|12741|0|bgp
42|12779|0|bgp
42|12859|0|bgp
42|12969|0|bgp
42|13004|0|bgp
42|13194|0|bgp
42|13237|0|bgp
42|13760|0|bgp
42|13786|0|bgp
42|13830|0|bgp
42|14061|0|bgp
42|14537|0|bgp
42|14630|0|bgp
42|14907|0|bgp
42|15412|0|bgp
42|15435|0|bgp
42|15547|0|bgp
42|15576|0|bgp
42|15605|0|bgp
42|15692|0|bgp
42|16347|0|bgp
42|16552|0|bgp
42|16668|-1|bgp
42|16735|0|bgp
42|17639|0|bgp
42|17676|0|bgp
42|18106|0|bgp
42|19281|-1|bgp
42|19653|0|bgp
42|20080|0|bgp
42|20205|0|bgp
42|20612|0|bgp
42|20764|0|bgp
42|20811|0|bgp
42|20912|0|bgp
42|20932|0|bgp
42|21232|0|bgp
42|21320|0|bgp
42|21412|0|bgp
42|21556|-1|bgp
42|22652|0|bgp
42|23367|0|bgp
42|23473|0|bgp
42|23673|0|bgp
42|23764|0|bgp
42|24482|0|bgp
42|24516|0|bgp
42|24961|0|bgp
42|25152|0|bgp
42|25160|0|bgp
42|25220|0|bgp
42|25291|0|bgp
42|28186|0|bgp
42|28716|0|bgp
42|28917|0|bgp
42|29075|0|bgp
42|29140|0|bgp
42|29169|0|bgp
42|29222|0|bgp
42|29467|0|bgp
42|29504|0|bgp
42|29680|0|bgp
42|29691|0|bgp
42|29838|0|bgp
42|30781|0|bgp
42|30844|0|bgp
42|31019|0|bgp
42|31027|0|bgp
42|31133|0|bgp
42|31742|0|bgp
42|32097|0|bgp
42|32653|0|bgp
42|33891|0|bgp
42|34019|0|bgp
42|34177|0|bgp
42|34224|0|bgp
42|34288|0|bgp
42|34549|0|bgp
42|34800|0|bgp
42|34854|0|bgp
42|34927|0|bgp
42|35008|0|bgp
42|35266|0|bgp
42|35360|0|bgp
42|35369|0|bgp
42|35426|0|bgp
42|35598|0|bgp
42|35600|0|bgp
42|35708|0|bgp
42|35710|0|bgp
42|36351|0|bgp
42|36924|0|bgp
42|37100|0|bgp
42|37179|0|bgp
42|37239|0|bgp
42|37271|0|bgp
42|37468|0|bgp
42|37497|0|bgp
42|37662|0|bgp
42|37680|0|bgp
42|37721|0|bgp
42|37989|0|bgp
42|38001|0|bgp
42|39120|0|bgp
42|39351|0|bgp
42|40630|0|bgp
42|40934|0|bgp
42|40994|0|bgp
42|41047|0|bgp
42|41051|0|bgp
42|41095|0|bgp
42|41157|0|bgp
42|41327|0|bgp
42|41666|0|bgp
42|41722|0|bgp
42|41805|0|bgp
42|41811|0|bgp
42|42473|0|bgp
42|42541|0|bgp
42|42708|0|bgp
42|45352|0|bgp
42|46450|0|bgp
42|47147|0|bgp
42|47251|0|bgp
42|47787|0|bgp
42|47957|0|bgp
42|48070|0|bgp
42|48362|0|bgp
42|49420|0|bgp
42|49434|0|bgp
42|49544|0|bgp
42|49605|0|bgp
42|49673|0|bgp
42|49709|0|bgp
42|49788|0|bgp
42|50300|0|bgp
42|50304|0|bgp
42|50629|0|bgp
42|50673|0|bgp
42|50877|0|bgp
42|51088|0|bgp
42|51185|0|bgp
42|51519|0|bgp
42|51786|0|bgp
42|52304|-1|bgp
42|52306|-1|bgp
42|52320|0|bgp
42|52376|0|bgp
42|53767|0|bgp
42|53828|0|bgp
42|56655|0|bgp
42|56987|0|bgp
42|57111|0|bgp
42|57304|0|bgp
42|57695|0|bgp
42|57777|0|bgp
42|58299|0|bgp
42|58453|0|bgp
42|58511|0|bgp
42|58952|0|bgp
42|59105|0|bgp
42|59414|0|bgp
42|59890|0|bgp
42|59891|0|bgp
42|60068|0|bgp
42|60171|0|bgp
42|60326|0|bgp
42|60501|0|bgp
42|61218|0|bgp
42|61292|0|bgp
42|62167|0|bgp
42|62240|0|bgp
42|63927|0|bgp
42|63956|0|bgp
42|64073|0|bgp
42|64475|0|bgp
42|132337|0|bgp
42|132825|0|bgp
42|132847|0|bgp
42|135895|0|bgp
42|136557|0|bgp
42|137409|0|bgp
42|139589|0|bgp
42|140984|0|bgp
42|148968|0|bgp
42|151062|0|bgp
42|198385|0|bgp
42|199524|0|bgp
42|199938|0|bgp
42|200970|0|bgp
42|202365|0|bgp
42|203698|0|bgp
42|204092|0|bgp
42|205112|0|bgp
42|205206|0|bgp
42|206356|0|bgp
42|206499|0|bgp
42|207841|0|bgp
42|210937|0|bgp
42|212483|0|bgp
42|212508|0|bgp
42|263152|0|bgp
42|267613|0|bgp
42|327804|0|bgp
42|327960|0|bgp
42|327983|0|bgp
42|328112|0|bgp
42|328266|0|bgp
42|328320|0|bgp
42|328474|0|bgp
42|328512|0|bgp
42|328832|0|bgp
42|329035|0|bgp
42|394256|0|bgp
42|396998|0|bgp
42|397131|0|bgp
46|11094|-1|bgp
55|46274|-1|bgp
57|217|-1|bgp
57|675|-1|bgp
57|1998|-1|bgp
57|4181|0|bgp
57|6263|-1|bgp
57|6461|0|bgp
57|7896|-1|bgp
57|7973|-1|bgp
57|11317|0|bgp
57|12042|-1|bgp
57|14763|-1|bgp
57|15336|-1|bgp
57|17234|-1|bgp
57|18454|-1|bgp
57|20125|-1|bgp
57|21727|-1|bgp
57|21951|-1|bgp
57|26557|-1|bgp
57|30220|-1|bgp
57|32907|-1|bgp
57|33455|-1|bgp
57|33692|-1|bgp
57|40387|0|bgp
57|40497|-1|bgp
62|19|-1|bgp
62|2165|-1|bgp
62|2723|-1|bgp
62|3828|-1|bgp
62|4891|-1|bgp
62|7838|-1|bgp
62|10511|-1|bgp
62|10723|-1|bgp
62|10848|-1|bgp
62|11189|-1|bgp
62|11690|-1|bgp
62|12007|-1|bgp
62|14032|-1|bgp
62|14862|-1|bgp
62|16525|-1|bgp
62|16678|-1|bgp
62|16991|-1|bgp
62|17038|-1|bgp
62|17377|-1|bgp
62|17466|-1|bgp
62|18649|-1|bgp
62|18676|-1|bgp
62|18689|-1|bgp
62|18701|-1|bgp
62|19137|-1|bgp
62|19311|-1|bgp
62|19606|-1|bgp
62|19787|-1|bgp
62|20333|-1|bgp
62|20339|-1|bgp
62|21945|-1|bgp
62|22104|-1|bgp
62|22334|-1|bgp
62|22688|-1|bgp
62|22717|-1|bgp
62|22775|-1|bgp
62|23165|-1|bgp
62|23446|-1|bgp
62|23463|-1|bgp
62|25765|-1|bgp
62|25836|-1|bgp
62|25889|-1|bgp
62|25907|-1|bgp
62|25938|-1|bgp
62|26513|-1|bgp
62|26705|-1|bgp
62|26940|-1|bgp
62|29952|-1|bgp
62|30059|-1|bgp
62|30175|-1|bgp
62|30347|-1|bgp
62|30423|-1|bgp
62|31966|-1|bgp
62|32457|-1|bgp
62|33016|-1|bgp
62|33365|-1|bgp
62|35934|-1|bgp
62|36328|-1|bgp
62|36607|-1|bgp
62|40062|-1|bgp
62|46202|-1|bgp
62|46204|-1|bgp
62|46282|-1|bgp
62|53305|-1|bgp
62|53396|-1|bgp
62|53559|-1|bgp
62|53562|-1|bgp
62|54554|-1|bgp
62|54775|-1|bgp
62|54963|-1|bgp
62|62659|-1|bgp
62|62872|-1|bgp
62|63011|-1|bgp
62|63321|-1|bgp
62|63474|-1|bgp
62|393520|-1|bgp
62|393571|-1|bgp
62|393587|-1|bgp
62|393759|-1|bgp
62|393832|-1|bgp
62|393924|-1|bgp
62|393961|-1|bgp
62|394122|-1|bgp
62|394302|-1|bgp
62|395268|-1|bgp
62|395273|-1|bgp
62|395288|-1|bgp
62|395533|-1|bgp
62|396041|-1|bgp
62|396285|-1|bgp
62|396290|-1|bgp
62|396361|-1|bgp
62|396497|-1|bgp
62|397325|-1|bgp
62|397374|-1|bgp
62|397768|-1|bgp
62|397843|-1|bgp
62|397941|-1|bgp
62|398381|-1|bgp
62|398409|-1|bgp
62|398492|-1|bgp
62|399110|-1|bgp
62|399604|-1|bgp
62|400537|-1|bgp
62|400615|-1|bgp
70|393689|-1|bgp
77|4181|0|bgp
77|5723|0|bgp
77|8220|0|bgp
77|13786|0|bgp
77|16735|0|bgp
77|19653|0|bgp
77|40934|0|bgp
77|52320|0|bgp
77|57695|0|bgp
77|137409|0|bgp
81|6559|-1|bgp
81|10952|-1|bgp
81|11442|-1|bgp
81|11777|-1|bgp
81|13371|-1|bgp
81|13862|-1|bgp
81|17031|-1|bgp
81|18538|-1|bgp
81|19161|-1|bgp
81|19413|-1|bgp
81|19718|-1|bgp
81|20197|-1|bgp
81|20449|-1|bgp
81|26741|-1|bgp
81|32417|-1|bgp
81|32711|-1|bgp
81|33401|-1|bgp
81|36850|-1|bgp
81|40245|-1|bgp
81|46255|-1|bgp
81|46963|-1|bgp
81|53384|-1|bgp
81|53785|-1|bgp
81|393824|-1|bgp
81|393875|-1|bgp
81|394165|-1|bgp
81|395312|-1|bgp
81|395465|-1|bgp
81|396028|-1|bgp
81|396391|-1|bgp
81|396837|-1|bgp
81|398580|-1|bgp
81|399050|-1|bgp
81|399407|-1|bgp
81|399565|-1|bgp
101|73|-1|bgp
101|3428|-1|bgp
101|3807|-1|bgp
101|4181|0|bgp
101|4193|-1|bgp
101|7774|-1|bgp
101|10430|-1|bgp
101|11548|-1|bgp
101|11649|-1|bgp
101|11956|-1|bgp
101|13476|-1|bgp
101|14221|-1|bgp
101|14954|-1|bgp
101|17200|-1|bgp
101|19014|-1|bgp
101|22388|0|bgp
101|22972|-1|bgp
101|40272|-1|bgp
101|47065|-1|bgp
101|53472|-1|bgp
101|64247|-1|bgp
103|40387|0|bgp
112|553|0|bgp
112|2027|0|bgp
112|3333|0|bgp
112|4181|0|bgp
112|6079|0|bgp
112|6233|0|bgp
112|8492|0|bgp
112|13237|0|bgp
112|14630|0|bgp
112|15605|0|bgp
112|16347|0|bgp
112|20811|0|bgp
112|20912|0|bgp
112|24961|0|bgp
112|25291|0|bgp
112|29504|0|bgp
112|31019|0|bgp
112|34177|0|bgp
112|34288|0|bgp
112|35426|0|bgp
112|37468|0|bgp
112|37497|0|bgp
112|39351|0|bgp
112|41811|0|bgp
112|47147|0|bgp
112|47787|0|bgp
112|49102|0|bgp
112|49434|0|bgp
112|53767|0|bgp
112|56987|0|bgp
112|57111|0|bgp
112|59890|0|bgp
112|60326|0|bgp
112|60501|0|bgp
112|63956|0|bgp
112|64475|0|bgp
112|139589|0|bgp
112|148968|0|bgp
112|206499|0|bgp
112|327983|0|bgp
112|328266|0|bgp
112|397131|0|bgp
122|137409|0|bgp
132|367|0|bgp
137|2597|-1|bgp
137|5502|-1|bgp
137|8978|-1|bgp
137|16004|-1|bgp
137|20745|-1|bgp
137|21333|-1|bgp
137|29609|-1|bgp
137|31638|-1|bgp
137|35110|-1|bgp
137|42081|-1|bgp
137|42165|-1|bgp
137|49976|-1|bgp
137|50112|-1|bgp
137|51708|-1|bgp
137|197440|-1|bgp
137|199342|-1|bgp
137|209631|-1|bgp
153|367|0|bgp
160|293|0|bgp
160|2153|0|bgp
160|22335|0|bgp
160|40387|0|bgp
161|2562|-1|bgp
173|2511|-1|bgp
173|9370|0|bgp
173|17639|0|bgp
173|151420|0|bgp
174|3|-1|bgp
174|4|-1|bgp
174|9|-1|bgp
174|14|-1|bgp
174|18|-1|bgp
174|20|-1|bgp
174|29|-1|bgp
174|34|-1|bgp
174|55|-1|bgp
174|62|-1|bgp
174|72|-1|bgp
174|81|-1|bgp
174|91|-1|bgp
174|92|-1|bgp
174|98|-1|bgp
174|101|-1|bgp
174|103|-1|bgp
174|111|-1|bgp
174|125|-1|bgp
174|137|-1|bgp
174|156|-1|bgp
174|160|-1|bgp
174|188|-1|bgp
174|209|0|bgp
174|210|-1|bgp
174|223|-1|bgp
174|286|0|bgp
174|376|-1|bgp
174|545|-1|bgp
174|549|-1|bgp
174|553|-1|bgp
174|557|-1|bgp
174|577|-1|bgp
174|693|-1|bgp
174|701|0|bgp
174|702|0|bgp
174|703|-1|bgp
174|766|-1|bgp
174|800|-1|bgp
174|803|-1|bgp
174|812|-1|bgp
174|819|-1|bgp
174|835|-1|bgp
174|852|-1|bgp
174|892|-1|bgp
174|906|-1|bgp
174|927|-1|bgp
174|930|-1|bgp
174|939|-1|bgp
174|945|-1|bgp
174|973|-1|bgp
174|978|-1|bgp
174|979|-1|bgp
174|983|-1|bgp
174|984|-1|bgp
174|997|-1|bgp
174|998|-1|bgp
174|1008|-1|bgp
174|1031|-1|bgp
174|1065|-1|bgp
174|1086|-1|bgp
174|1088|-1|bgp
174|1100|-1|bgp
174|1204|-1|bgp
174|1213|-1|bgp
174|1237|-1|bgp
174|1239|0|bgp
174|1246|-1|bgp
174|1257|-1|bgp
174|1265|-1|bgp
174|1273|-1|bgp
174|1277|-1|bgp
174|1286|-1|bgp
174|1289|-1|bgp
174|1299|0|bgp
174|1311|-1|bgp
174|1312|-1|bgp
174|1351|-1|bgp
174|1355|-1|bgp
174|1378|-1|bgp
174|1403|-1|bgp
174|1406|-1|bgp
174|1411|-1|bgp
174|1419|-1|bgp
174|1421|-1|bgp
174|1422|-1|bgp
174|1423|-1|bgp
174|1428|-1|bgp
174|1439|-1|bgp
174|1442|-1|bgp
174|1443|-1|bgp
174|1448|-1|bgp
174|1547|-1|bgp
174|1605|-1|bgp
174|1616|-1|bgp
174|1622|-1|bgp
174|1635|-1|bgp
174|1678|-1|bgp
174|1680|-1|bgp
174|1742|-1|bgp
174|1764|-1|bgp
174|1798|-1|bgp
174|1820|-1|bgp
174|1825|-1|bgp
174|1828|-1|bgp
174|1836|-1|bgp
174|1886|-1|bgp
174|1916|-1|bgp
174|1930|-1|bgp
174|1955|-1|bgp
174|1968|-1|bgp
174|1996|-1|bgp
174|2018|-1|bgp
174|2033|-1|bgp
174|2044|-1|bgp
174|2107|-1|bgp
174|2108|-1|bgp
174|2149|-1|bgp
174|2200|-1|bgp
174|2485|-1|bgp
174|2495|-1|bgp
174|2497|-1|bgp
174|2516|-1|bgp
174|2518|-1|bgp
174|2519|-1|bgp
174|2544|-1|bgp
174|2549|-1|bgp
174|2552|-1|bgp
174|2589|-1|bgp
174|2611|-1|bgp
174|2614|-1|bgp
174|2615|-1|bgp
174|2637|-1|bgp
174|2639|-1|bgp
174|2686|0|bgp
174|2711|-1|bgp
174|2721|-1|bgp
174|2728|-1|bgp
174|2731|-1|bgp
174|2828|0|bgp
174|2857|-1|bgp
174|2860|-1|bgp
174|2901|-1|bgp
174|2914|0|bgp
174|3061|-1|bgp
174|3064|-1|bgp
174|3213|-1|bgp
174|3216|-1|bgp
174|3238|-1|bgp
174|3245|-1|bgp
174|3250|-1|bgp
174|3252|-1|bgp
174|3255|-1|bgp
174|3257|0|bgp
174|3266|-1|bgp
174|3302|-1|bgp
174|3303|-1|bgp
174|3320|0|bgp
174|3326|-1|bgp
174|3330|-1|bgp
174|3356|0|bgp
174|3389|-1|bgp
174|3401|-1|bgp
174|3450|-1|bgp
174|3457|-1|bgp
174|3464|-1|bgp
174|3479|-1|bgp
174|3491|0|bgp
174|3512|-1|bgp
174|3580|-1|bgp
174|3599|-1|bgp
174|3605|-1|bgp
174|3653|-1|bgp
174|3663|-1|bgp
174|3685|-1|bgp
174|3701|-1|bgp
174|3714|-1|bgp
174|3741|-1|bgp
174|3755|-1|bgp
174|3777|-1|bgp
174|3778|-1|bgp
174|3782|-1|bgp
174|3786|-1|bgp
174|3795|-1|bgp
174|3853|-1|bgp
174|3855|-1|bgp
174|3900|-1|bgp
174|3925|-1|bgp
174|4010|-1|bgp
174|4058|-1|bgp
174|4134|-1|bgp
174|4136|-1|bgp
174|4195|-1|bgp
174|4213|-1|bgp
174|4224|-1|bgp
174|4230|-1|bgp
174|4232|-1|bgp
174|4246|-1|bgp
174|4255|-1|bgp
174|4261|-1|bgp
174|4314|-1|bgp
174|4374|-1|bgp
174|4385|-1|bgp
174|4474|-1|bgp
174|4538|-1|bgp
174|4544|-1|bgp
174|4546|-1|bgp
174|4563|-1|bgp
174|4581|-1|bgp
174|4646|-1|bgp
174|4651|-1|bgp
174|4657|-1|bgp
174|4764|-1|bgp
174|4766|-1|bgp
174|4773|-1|bgp
174|4775|-1|bgp
174|4788|-1|bgp
174|4800|-1|bgp
174|4837|-1|bgp
174|4857|-1|bgp
174|4867|-1|bgp
174|4886|-1|bgp
174|4888|-1|bgp
174|4889|-1|bgp
174|4890|-1|bgp
174|4894|-1|bgp
174|4897|-1|bgp
174|4903|-1|bgp
174|4905|-1|bgp
174|4913|-1|bgp
174|4927|-1|bgp
174|4965|-1|bgp
174|5008|-1|bgp
174|5009|-1|bgp
174|5022|-1|bgp
174|5033|-1|bgp
174|5050|-1|bgp
174|5056|-1|bgp
174|5069|-1|bgp
174|5078|-1|bgp
174|5108|-1|bgp
174|5377|-1|bgp
174|5390|-1|bgp
174|5391|-1|bgp
174|5392|-1|bgp
174|5400|0|bgp
174|5410|-1|bgp
174|5416|-1|bgp
174|5436|-1|bgp
174|5459|-1|bgp
174|5466|-1|bgp
174|5500|-1|bgp
174|5511|0|bgp
174|5538|-1|bgp
174|5564|-1|bgp
174|5587|-1|bgp
174|5606|-1|bgp
174|5610|-1|bgp
174|5631|-1|bgp
174|5639|-1|bgp
174|5650|-1|bgp
174|5661|-1|bgp
174|5690|-1|bgp
174|5697|-1|bgp
174|5713|-1|bgp
174|5716|-1|bgp
174|5719|-1|bgp
174|5742|-1|bgp
174|5760|-1|bgp
174|5769|-1|bgp
174|6057|-1|bgp
174|6059|-1|bgp
174|6061|-1|bgp
174|6074|-1|bgp
174|6082|-1|bgp
174|6122|-1|bgp
174|6128|-1|bgp
174|6130|-1|bgp
174|6134|-1|bgp
174|6169|-1|bgp
174|6172|-1|bgp
174|6181|-1|bgp
174|6188|-1|bgp
174|6199|-1|bgp
174|6200|-1|bgp
174|6220|-1|bgp
174|6231|-1|bgp
174|6244|-1|bgp
174|6300|-1|bgp
174|6305|-1|bgp
174|6315|-1|bgp
174|6325|-1|bgp
174|6327|-1|bgp
174|6336|-1|bgp
174|6341|-1|bgp
174|6343|-1|bgp
174|6364|-1|bgp
174|6379|-1|bgp
174|6391|-1|bgp
174|6400|-1|bgp
174|6405|-1|bgp
174|6412|-1|bgp
174|6434|-1|bgp
174|6453|0|bgp
174|6461|0|bgp
174|6485|-1|bgp
174|6503|-1|bgp
174|6507|0|bgp
174|6536|-1|bgp
174|6561|-1|bgp
174|6566|-1|bgp
174|6620|-1|bgp
174|6621|-1|bgp
174|6653|-1|bgp
174|6667|-1|bgp
174|6674|-1|bgp
174|6677|-1|bgp
174|6697|-1|bgp
174|6700|-1|bgp
174|6713|-1|bgp
174|6718|-1|bgp
174|6735|-1|bgp
174|6738|-1|bgp
174|6752|-1|bgp
174|6758|-1|bgp
174|6759|-1|bgp
174|6762|0|bgp
174|6764|-1|bgp
174|6768|-1|bgp
174|6772|-1|bgp
174|6774|-1|bgp
174|6775|-1|bgp
174|6776|-1|bgp
174|6812|-1|bgp
174|6830|0|bgp
174|6849|-1|bgp
174|6866|-1|bgp
174|6876|-1|bgp
174|6893|-1|bgp
174|6894|-1|bgp
174|6913|-1|bgp
174|6924|-1|bgp
174|6977|-1|bgp
174|7018|0|bgp
174|7040|-1|bgp
174|7049|-1|bgp
174|7057|-1|bgp
174|7065|-1|bgp
174|7078|-1|bgp
174|7106|-1|bgp
174|7131|-1|bgp
174|7138|-1|bgp
174|7143|-1|bgp
174|7153|-1|bgp
174|7162|-1|bgp
174|7194|-1|bgp
174|7195|-1|bgp
174|7203|-1|bgp
174|7219|-1|bgp
174|7221|-1|bgp
174|7227|-1|bgp
174|7250|-1|bgp
174|7270|-1|bgp
174|7296|-1|bgp
174|7297|-1|bgp
174|7303|0|bgp
174|7310|-1|bgp
174|7311|-1|bgp
174|7314|-1|bgp
174|7341|-1|bgp
174|7354|-1|bgp
174|7362|-1|bgp
174|7393|-1|bgp
174|7403|-1|bgp
174|7415|-1|bgp
174|7423|-1|bgp
174|7456|-1|bgp
174|7480|-1|bgp
174|7497|-1|bgp
174|7529|-1|bgp
174|7545|-1|bgp
174|7552|-1|bgp
174|7617|-1|bgp
174|7632|-1|bgp
174|7679|-1|bgp
174|7713|-1|bgp
174|7734|-1|bgp
174|7741|-1|bgp
174|7761|-1|bgp
174|7762|-1|bgp
174|7765|-1|bgp
174|7784|-1|bgp
174|7794|-1|bgp
174|7810|-1|bgp
174|7819|-1|bgp
174|7828|-1|bgp
174|7835|-1|bgp
174|7849|-1|bgp
174|7862|-1|bgp
174|7867|-1|bgp
174|7868|-1|bgp
174|7883|-1|bgp
174|7908|-1|bgp
174|7922|-1|bgp
174|7932|-1|bgp
174|7941|-1|bgp
174|7979|-1|bgp
174|7985|-1|bgp
174|7992|-1|bgp
174|8001|-1|bgp
174|8002|-1|bgp
174|8015|-1|bgp
174|8025|-1|bgp
174|8069|-1|bgp
174|8075|-1|bgp
174|8097|-1|bgp
174|8100|-1|bgp
174|8103|-1|bgp
174|8148|-1|bgp
174|8149|-1|bgp
174|8151|-1|bgp
174|8208|-1|bgp
174|8218|-1|bgp
174|8224|-1|bgp
174|8265|-1|bgp
174|8271|-1|bgp
174|8280|-1|bgp
174|8282|-1|bgp
174|8285|-1|bgp
174|8304|-1|bgp
174|8309|-1|bgp
174|8346|-1|bgp
174|8362|-1|bgp
174|8368|-1|bgp
174|8374|-1|bgp
174|8399|-1|bgp
174|8422|-1|bgp
174|8423|-1|bgp
174|8444|-1|bgp
174|8448|-1|bgp
174|8452|-1|bgp
174|8462|-1|bgp
174|8476|-1|bgp
174|8487|-1|bgp
174|8495|0|bgp
174|8518|-1|bgp
174|8529|-1|bgp
174|8530|-1|bgp
174|8544|-1|bgp
174|8551|-1|bgp
174|8553|-1|bgp
174|8558|-1|bgp
174|8565|-1|bgp
174|8612|-1|bgp
174|8632|-1|bgp
174|8637|-1|bgp
174|8647|-1|bgp
174|8657|-1|bgp
174|8681|-1|bgp
174|8683|-1|bgp
174|8685|-1|bgp
174|8687|-1|bgp
174|8708|-1|bgp
174|8728|-1|bgp
174|8739|-1|bgp
174|8781|-1|bgp
174|8788|-1|bgp
174|8796|-1|bgp
174|8816|-1|bgp
174|8820|-1|bgp
174|8821|-1|bgp
174|8839|-1|bgp
174|8849|-1|bgp
174|8856|-1|bgp
174|8859|-1|bgp
174|8881|-1|bgp
174|8896|-1|bgp
174|8902|-1|bgp
174|8911|-1|bgp
174|8921|-1|bgp
174|8922|-1|bgp
174|8926|-1|bgp
174|8932|-1|bgp
174|8966|-1|bgp
174|8978|-1|bgp
174|8999|-1|bgp
174|9008|-1|bgp
174|9009|-1|bgp
174|9022|-1|bgp
174|9031|-1|bgp
174|9038|-1|bgp
174|9044|-1|bgp
174|9052|-1|bgp
174|9063|-1|bgp
174|9086|-1|bgp
174|9092|-1|bgp
174|9100|-1|bgp
174|9104|-1|bgp
174|9115|-1|bgp
174|9116|-1|bgp
174|9140|-1|bgp
174|9142|-1|bgp
174|9145|-1|bgp
174|9146|-1|bgp
174|9150|-1|bgp
174|9153|-1|bgp
174|9158|-1|bgp
174|9161|-1|bgp
174|9165|-1|bgp
174|9166|-1|bgp
174|9168|-1|bgp
174|9172|-1|bgp
174|9199|-1|bgp
174|9208|-1|bgp
174|9211|-1|bgp
174|9241|-1|bgp
174|9246|-1|bgp
174|9269|-1|bgp
174|9297|-1|bgp
174|9304|-1|bgp
174|9318|-1|bgp
174|9381|-1|bgp
174|9457|-1|bgp
174|9498|-1|bgp
174|9500|-1|bgp
174|9505|-1|bgp
174|9541|-1|bgp
174|9583|-1|bgp
174|9658|-1|bgp
174|9680|-1|bgp
174|9744|-1|bgp
174|9751|-1|bgp
174|9824|-1|bgp
174|9829|-1|bgp
174|9902|-1|bgp
174|9908|-1|bgp
174|9924|-1|bgp
174|9927|-1|bgp
174|9929|-1|bgp
174|9957|-1|bgp
174|10030|-1|bgp
174|10099|-1|bgp
174|10111|-1|bgp
174|10122|-1|bgp
174|10226|-1|bgp
174|10242|-1|bgp
174|10279|-1|bgp
174|10297|-1|bgp
174|10298|-1|bgp
174|10326|-1|bgp
174|10355|-1|bgp
174|10367|-1|bgp
174|10379|-1|bgp
174|10396|-1|bgp
174|10423|-1|bgp
174|10439|-1|bgp
174|10445|-1|bgp
174|10461|-1|bgp
174|10490|-1|bgp
174|10561|-1|bgp
174|10578|-1|bgp
174|10587|-1|bgp
174|10655|-1|bgp
174|10660|-1|bgp
174|10692|-1|bgp
174|10694|-1|bgp
174|10700|-1|bgp
174|10708|-1|bgp
174|10717|-1|bgp
174|10730|-1|bgp
174|10732|-1|bgp
174|10750|-1|bgp
174|10778|-1|bgp
174|10780|-1|bgp
174|10818|-1|bgp
174|10835|-1|bgp
174|10844|-1|bgp
174|10849|-1|bgp
174|10886|-1|bgp
174|10905|-1|bgp
174|10912|-1|bgp
174|10913|-1|bgp
174|10929|-1|bgp
174|10961|-1|bgp
174|10971|-1|bgp
174|10990|-1|bgp
174|10991|-1|bgp
174|10996|-1|bgp
174|11005|-1|bgp
174|11019|-1|bgp
174|11023|-1|bgp
174|11031|-1|bgp
174|11036|-1|bgp
174|11042|-1|bgp
174|11045|-1|bgp
174|11047|-1|bgp
174|11049|-1|bgp
174|11054|-1|bgp
174|11061|-1|bgp
174|11062|-1|bgp
174|11068|-1|bgp
174|11071|-1|bgp
174|11077|-1|bgp
174|11092|-1|bgp
174|11096|-1|bgp
174|11128|-1|bgp
174|11160|-1|bgp
174|11166|-1|bgp
174|11168|-1|bgp
174|11172|-1|bgp
174|11174|-1|bgp
174|11178|-1|bgp
174|11179|-1|bgp
174|11183|-1|bgp
174|11184|-1|bgp
174|11191|-1|bgp
174|11195|-1|bgp
174|11218|-1|bgp
174|11221|-1|bgp
174|11227|-1|bgp
174|11232|-1|bgp
174|11233|-1|bgp
174|11240|-1|bgp
174|11251|-1|bgp
174|11260|-1|bgp
174|11262|-1|bgp
174|11264|-1|bgp
174|11272|-1|bgp
174|11275|-1|bgp
174|11280|-1|bgp
174|11287|-1|bgp
174|11290|-1|bgp
174|11291|-1|bgp
174|11318|-1|bgp
174|11320|-1|bgp
174|11323|-1|bgp
174|11333|-1|bgp
174|11342|-1|bgp
174|11352|-1|bgp
174|11361|-1|bgp
174|11389|-1|bgp
174|11406|-1|bgp
174|11414|-1|bgp
174|11428|-1|bgp
174|11430|-1|bgp
174|11437|-1|bgp
174|11448|-1|bgp
174|11452|-1|bgp
174|11457|-1|bgp
174|11470|-1|bgp
174|11476|-1|bgp
174|11482|-1|bgp
174|11488|-1|bgp
174|11501|-1|bgp
174|11522|-1|bgp
174|11528|-1|bgp
174|11550|-1|bgp
174|11582|-1|bgp
174|11586|-1|bgp
174|11594|-1|bgp
174|11597|-1|bgp
174|11608|-1|bgp
174|11612|-1|bgp
174|11635|-1|bgp
174|11637|-1|bgp
174|11647|-1|bgp
174|11650|-1|bgp
174|11656|-1|bgp
174|11666|0|bgp
174|11686|-1|bgp
174|11695|-1|bgp
174|11699|-1|bgp
174|11700|-1|bgp
174|11713|-1|bgp
174|11716|-1|bgp
174|11722|-1|bgp
174|11729|-1|bgp
174|11734|-1|bgp
174|11738|-1|bgp
174|11745|-1|bgp
174|11749|-1|bgp
174|11758|-1|bgp
174|11766|-1|bgp
174|11767|-1|bgp
174|11770|-1|bgp
174|11776|-1|bgp
174|11782|-1|bgp
174|11798|-1|bgp
174|11804|-1|bgp
174|11805|-1|bgp
174|11814|-1|bgp
174|11816|-1|bgp
174|11845|-1|bgp
174|11847|-1|bgp
174|11854|-1|bgp
174|11855|-1|bgp
174|11868|-1|bgp
174|11872|-1|bgp
174|11878|0|bgp
174|11888|-1|bgp
174|11900|-1|bgp
174|11903|-1|bgp
174|11904|-1|bgp
174|11922|-1|bgp
174|11926|-1|bgp
174|11931|-1|bgp
174|11935|-1|bgp
174|11941|-1|bgp
174|11943|-1|bgp
174|11948|-1|bgp
174|11951|-1|bgp
174|11959|-1|bgp
174|11961|-1|bgp
174|11975|-1|bgp
174|11979|-1|bgp
174|11990|-1|bgp
174|11996|-1|bgp
174|12012|-1|bgp
174|12024|-1|bgp
174|12025|-1|bgp
174|12028|-1|bgp
174|12033|-1|bgp
174|12041|-1|bgp
174|12044|-1|bgp
174|12062|-1|bgp
174|12065|-1|bgp
174|12067|-1|bgp
174|12072|-1|bgp
174|12087|-1|bgp
174|12089|-1|bgp
174|12094|-1|bgp
174|12105|-1|bgp
174|12125|-1|bgp
174|12129|-1|bgp
174|12132|-1|bgp
174|12133|-1|bgp
174|12142|-1|bgp
174|12144|-1|bgp
174|12150|-1|bgp
174|12152|-1|bgp
174|12160|-1|bgp
174|12163|-1|bgp
174|12167|-1|bgp
174|12173|-1|bgp
174|12178|-1|bgp
174|12179|-1|bgp
174|12180|-1|bgp
174|12182|-1|bgp
174|12183|-1|bgp
174|12186|-1|bgp
174|12189|-1|bgp
174|12212|-1|bgp
174|12215|-1|bgp
174|12218|-1|bgp
174|12222|-1|bgp
174|12223|-1|bgp
174|12243|-1|bgp
174|12252|-1|bgp
174|12265|-1|bgp
174|12266|-1|bgp
174|12268|-1|bgp
174|12293|-1|bgp
174|12305|-1|bgp
174|12310|-1|bgp
174|12315|-1|bgp
174|12322|-1|bgp
174|12329|-1|bgp
174|12334|-1|bgp
174|12337|-1|bgp
174|12338|-1|bgp
174|12347|-1|bgp
174|12350|-1|bgp
174|12362|-1|bgp
174|12372|-1|bgp
174|12379|-1|bgp
174|12389|-1|bgp
174|12390|-1|bgp
174|12392|-1|bgp
174|12400|-1|bgp
174|12401|-1|bgp
174|12409|-1|bgp
174|12459|-1|bgp
174|12470|-1|bgp
174|12480|-1|bgp
174|12488|-1|bgp
174|12491|-1|bgp
174|12508|-1|bgp
174|12533|-1|bgp
174|12540|-1|bgp
174|12541|0|bgp
174|12577|-1|bgp
174|12578|-1|bgp
174|12593|-1|bgp
174|12605|-1|bgp
174|12615|-1|bgp
174|12637|-1|bgp
174|12678|-1|bgp
174|12684|-1|bgp
174|12709|-1|bgp
174|12727|-1|bgp
174|12731|-1|bgp
174|12732|-1|bgp
174|12735|-1|bgp
174|12741|-1|bgp
174|12778|-1|bgp
174|12779|-1|bgp
174|12804|-1|bgp
174|12808|-1|bgp
174|12813|-1|bgp
174|12822|-1|bgp
174|12843|-1|bgp
174|12876|-1|bgp
174|12884|-1|bgp
174|12924|-1|bgp
174|12926|-1|bgp
174|12941|-1|bgp
174|12942|-1|bgp
174|12946|-1|bgp
174|12956|0|bgp
174|12963|-1|bgp
174|12996|-1|bgp
174|13000|-1|bgp
174|13001|-1|bgp
174|13002|-1|bgp
174|13004|-1|bgp
174|13005|-1|bgp
174|13009|-1|bgp
174|13039|-1|bgp
174|13041|-1|bgp
174|13101|0|bgp
174|13105|-1|bgp
174|13113|-1|bgp
174|13119|-1|bgp
174|13126|-1|bgp
174|13156|-1|bgp
174|13188|-1|bgp
174|13194|-1|bgp
174|13208|-1|bgp
174|13213|-1|bgp
174|13226|-1|bgp
174|13249|-1|bgp
174|13250|-1|bgp
174|13284|-1|bgp
174|13319|-1|bgp
174|13326|-1|bgp
174|13329|-1|bgp
174|13333|-1|bgp
174|13335|-1|bgp
174|13342|-1|bgp
174|13348|-1|bgp
174|13354|-1|bgp
174|13360|-1|bgp
174|13372|-1|bgp
174|13376|-1|bgp
174|13380|-1|bgp
174|13388|-1|bgp
174|13409|-1|bgp
174|13431|-1|bgp
174|13446|-1|bgp
174|13452|-1|bgp
174|13460|-1|bgp
174|13469|-1|bgp
174|13475|-1|bgp
174|13482|-1|bgp
174|13489|-1|bgp
174|13490|-1|bgp
174|13494|-1|bgp
174|13513|-1|bgp
174|13534|-1|bgp
174|13536|-1|bgp
174|13545|-1|bgp
174|13550|-1|bgp
174|13570|-1|bgp
174|13576|-1|bgp
174|13580|-1|bgp
174|13583|-1|bgp
174|13588|-1|bgp
174|13597|-1|bgp
174|13614|-1|bgp
174|13617|-1|bgp
174|13625|-1|bgp
174|13629|-1|bgp
174|13631|-1|bgp
174|13654|-1|bgp
174|13692|-1|bgp
174|13693|-1|bgp
174|13706|-1|bgp
174|13725|-1|bgp
174|13727|-1|bgp
174|13728|-1|bgp
174|13729|-1|bgp
174|13739|-1|bgp
174|13750|-1|bgp
174|13765|-1|bgp
174|13767|-1|bgp
174|13768|-1|bgp
174|13776|-1|bgp
174|13783|-1|bgp
174|13786|-1|bgp
174|13789|-1|bgp
174|13790|-1|bgp
174|13791|-1|bgp
174|13795|-1|bgp
174|13803|-1|bgp
174|13806|-1|bgp
174|13807|-1|bgp
174|13819|-1|bgp
174|13821|-1|bgp
174|13825|0|bgp
174|13830|-1|bgp
174|13834|-1|bgp
174|13838|-1|bgp
174|13843|-1|bgp
174|13855|-1|bgp
174|13860|-1|bgp
174|13880|-1|bgp
174|13886|-1|bgp
174|13902|-1|bgp
174|13907|-1|bgp
174|13909|-1|bgp
174|13912|-1|bgp
174|13920|-1|bgp
174|13926|-1|bgp
174|13959|-1|bgp
174|13972|-1|bgp
174|13977|-1|bgp
174|13984|-1|bgp
174|13985|-1|bgp
174|13999|-1|bgp
174|14006|-1|bgp
174|14007|-1|bgp
174|14010|-1|bgp
174|14012|-1|bgp
174|14013|-1|bgp
174|14016|-1|bgp
174|14035|-1|bgp
174|14043|-1|bgp
174|14044|-1|bgp
174|14048|-1|bgp
174|14051|-1|bgp
174|14068|-1|bgp
174|14076|-1|bgp
174|14078|-1|bgp
174|14102|-1|bgp
174|14105|-1|bgp
174|14116|-1|bgp
174|14121|-1|bgp
174|14127|-1|bgp
174|14131|-1|bgp
174|14135|0|bgp
174|14137|-1|bgp
174|14144|-1|bgp
174|14148|-1|bgp
174|14155|-1|bgp
174|14163|-1|bgp
174|14175|-1|bgp
174|14178|-1|bgp
174|14195|-1|bgp
174|14211|-1|bgp
174|14219|-1|bgp
174|14224|-1|bgp
174|14228|-1|bgp
174|14230|-1|bgp
174|14237|-1|bgp
174|14238|-1|bgp
174|14259|-1|bgp
174|14265|-1|bgp
174|14277|-1|bgp
174|14282|-1|bgp
174|14288|-1|bgp
174|14290|-1|bgp
174|14300|-1|bgp
174|14310|-1|bgp
174|14315|-1|bgp
174|14319|-1|bgp
174|14325|-1|bgp
174|14332|-1|bgp
174|14333|-1|bgp
174|14350|-1|bgp
174|14360|-1|bgp
174|14363|-1|bgp
174|14371|-1|bgp
174|14374|-1|bgp
174|14383|-1|bgp
174|14409|-1|bgp
174|14410|-1|bgp
174|14430|-1|bgp
174|14433|-1|bgp
174|14442|-1|bgp
174|14443|-1|bgp
174|14444|-1|bgp
174|14449|-1|bgp
174|14452|-1|bgp
174|14453|-1|bgp
174|14460|-1|bgp
174|14465|-1|bgp
174|14501|-1|bgp
174|14515|-1|bgp
174|14519|-1|bgp
174|14522|-1|bgp
174|14527|-1|bgp
174|14528|-1|bgp
174|14537|-1|bgp
174|14549|-1|bgp
174|14575|-1|bgp
174|14586|-1|bgp
174|14601|-1|bgp
174|14606|-1|bgp
174|14610|-1|bgp
174|14611|-1|bgp
174|14615|-1|bgp
174|14627|-1|bgp
174|14630|-1|bgp
174|14632|-1|bgp
174|14642|-1|bgp
174|14649|-1|bgp
174|14652|-1|bgp
174|14660|-1|bgp
174|14671|-1|bgp
174|14672|-1|bgp
174|14679|-1|bgp
174|14689|-1|bgp
174|14695|-1|bgp
174|14705|-1|bgp
174|14713|-1|bgp
174|14717|-1|bgp
174|14724|-1|bgp
174|14725|-1|bgp
174|14726|-1|bgp
174|14727|-1|bgp
174|14729|-1|bgp
174|14731|-1|bgp
174|14735|-1|bgp
174|14739|-1|bgp
174|14742|-1|bgp
174|14743|-1|bgp
174|14744|-1|bgp
174|14745|-1|bgp
174|14754|-1|bgp
174|14761|-1|bgp
174|14775|-1|bgp
174|14786|-1|bgp
174|14793|-1|bgp
174|14821|-1|bgp
174|14824|-1|bgp
174|14828|-1|bgp
174|14840|-1|bgp
174|14841|-1|bgp
174|14843|-1|bgp
174|14860|-1|bgp
174|14861|-1|bgp
174|14890|-1|bgp
174|14895|-1|bgp
174|14899|-1|bgp
174|14919|-1|bgp
174|14928|-1|bgp
174|14969|-1|bgp
174|14971|-1|bgp
174|14978|-1|bgp
174|14991|-1|bgp
174|14992|-1|bgp
174|15008|-1|bgp
174|15024|-1|bgp
174|15027|-1|bgp
174|15042|-1|bgp
174|15047|-1|bgp
174|15050|-1|bgp
174|15065|-1|bgp
174|15067|-1|bgp
174|15069|-1|bgp
174|15083|-1|bgp
174|15085|0|bgp
174|15092|-1|bgp
174|15094|-1|bgp
174|15108|-1|bgp
174|15119|-1|bgp
174|15128|-1|bgp
174|15133|-1|bgp
174|15142|-1|bgp
174|15149|-1|bgp
174|15153|-1|bgp
174|15164|-1|bgp
174|15171|-1|bgp
174|15175|-1|bgp
174|15188|-1|bgp
174|15190|-1|bgp
174|15225|-1|bgp
174|15231|-1|bgp
174|15234|-1|bgp
174|15235|-1|bgp
174|15248|-1|bgp
174|15249|-1|bgp
174|15250|-1|bgp
174|15266|-1|bgp
174|15267|0|bgp
174|15278|-1|bgp
174|15294|-1|bgp
174|15297|-1|bgp
174|15301|-1|bgp
174|15305|-1|bgp
174|15317|-1|bgp
174|15326|-1|bgp
174|15336|-1|bgp
174|15342|-1|bgp
174|15346|-1|bgp
174|15347|-1|bgp
174|15354|-1|bgp
174|15356|-1|bgp
174|15359|-1|bgp
174|15372|-1|bgp
174|15401|-1|bgp
174|15412|-1|bgp
174|15419|-1|bgp
174|15432|-1|bgp
174|15433|-1|bgp
174|15435|-1|bgp
174|15447|-1|bgp
174|15497|-1|bgp
174|15498|-1|bgp
174|15510|-1|bgp
174|15544|-1|bgp
174|15547|-1|bgp
174|15548|-1|bgp
174|15557|-1|bgp
174|15566|-1|bgp
174|15570|-1|bgp
174|15576|-1|bgp
174|15600|-1|bgp
174|15612|-1|bgp
174|15623|-1|bgp
174|15654|-1|bgp
174|15667|-1|bgp
174|15691|-1|bgp
174|15695|-1|bgp
174|15699|-1|bgp
174|15704|-1|bgp
174|15706|-1|bgp
174|15768|-1|bgp
174|15796|-1|bgp
174|15826|-1|bgp
174|15830|-1|bgp
174|15836|-1|bgp
174|15844|-1|bgp
174|15895|-1|bgp
174|15919|-1|bgp
174|15932|-1|bgp
174|15935|-1|bgp
174|15943|-1|bgp
174|15945|-1|bgp
174|15954|-1|bgp
174|15958|-1|bgp
174|15964|-1|bgp
174|15965|-1|bgp
174|15966|-1|bgp
174|15967|-1|bgp
174|15994|-1|bgp
174|15997|-1|bgp
174|16066|-1|bgp
174|16082|-1|bgp
174|16085|-1|bgp
174|16086|-1|bgp
174|16158|-1|bgp
174|16162|-1|bgp
174|16168|-1|bgp
174|16171|-1|bgp
174|16186|-1|bgp
174|16218|-1|bgp
174|16236|-1|bgp
174|16243|-1|bgp
174|16247|-1|bgp
174|16253|-1|bgp
174|16276|-1|bgp
174|16281|-1|bgp
174|16284|-1|bgp
174|16294|-1|bgp
174|16303|-1|bgp
174|16334|-1|bgp
174|16349|-1|bgp
174|16350|-1|bgp
174|16376|-1|bgp
174|16399|-1|bgp
174|16404|-1|bgp
174|16406|-1|bgp
174|16407|-1|bgp
174|16413|-1|bgp
174|16417|-1|bgp
174|16437|-1|bgp
174|16466|-1|bgp
174|16468|-1|bgp
174|16498|-1|bgp
174|16504|-1|bgp
174|16507|-1|bgp
174|16509|-1|bgp
174|16524|-1|bgp
174|16527|-1|bgp
174|16534|-1|bgp
174|16557|-1|bgp
174|16560|-1|bgp
174|16563|-1|bgp
174|16570|-1|bgp
174|16577|-1|bgp
174|16582|-1|bgp
174|16604|-1|bgp
174|16613|-1|bgp
174|16620|-1|bgp
174|16633|-1|bgp
174|16637|-1|bgp
174|16639|-1|bgp
174|16647|-1|bgp
174|16652|-1|bgp
174|16653|-1|bgp
174|16664|-1|bgp
174|16665|-1|bgp
174|16682|-1|bgp
174|16692|-1|bgp
174|16698|-1|bgp
174|16700|-1|bgp
174|16713|-1|bgp
174|16714|-1|bgp
174|16719|-1|bgp
174|16722|-1|bgp
174|16724|0|bgp
174|16735|-1|bgp
174|16738|-1|bgp
174|16750|-1|bgp
174|16754|-1|bgp
174|16764|-1|bgp
174|16790|-1|bgp
174|16803|-1|bgp
174|16813|-1|bgp
174|16818|-1|bgp
174|16822|-1|bgp
174|16830|-1|bgp
174|16833|-1|bgp
174|16837|-1|bgp
174|16839|-1|bgp
174|16843|-1|bgp
174|16848|-1|bgp
174|16851|-1|bgp
174|16863|-1|bgp
174|16871|-1|bgp
174|16880|-1|bgp
174|16884|-1|bgp
174|16887|-1|bgp
174|16895|-1|bgp
174|16899|-1|bgp
174|16904|-1|bgp
174|16908|-1|bgp
174|16910|-1|bgp
174|16912|-1|bgp
174|16921|-1|bgp
174|16938|-1|bgp
174|16958|-1|bgp
174|16978|-1|bgp
174|16986|-1|bgp
174|16992|-1|bgp
174|16993|-1|bgp
174|17002|-1|bgp
174|17018|-1|bgp
174|17037|-1|bgp
174|17040|-1|bgp
174|17044|-1|bgp
174|17049|-1|bgp
174|17056|-1|bgp
174|17072|-1|bgp
174|17077|-1|bgp
174|17078|-1|bgp
174|17084|-1|bgp
174|17117|-1|bgp
174|17145|-1|bgp
174|17158|-1|bgp
174|17172|-1|bgp
174|17185|-1|bgp
174|17194|-1|bgp
174|17210|-1|bgp
174|17211|-1|bgp
174|17212|-1|bgp
174|17215|-1|bgp
174|17216|-1|bgp
174|17253|-1|bgp
174|17267|-1|bgp
174|17271|-1|bgp
174|17274|-1|bgp
174|17279|-1|bgp
174|17293|-1|bgp
174|17303|-1|bgp
174|17306|-1|bgp
174|17317|-1|bgp
174|17318|-1|bgp
174|17330|-1|bgp
174|17339|-1|bgp
174|17348|-1|bgp
174|17356|-1|bgp
174|17357|-1|bgp
174|17361|-1|bgp
174|17362|-1|bgp
174|17364|-1|bgp
174|17367|-1|bgp
174|17378|-1|bgp
174|17380|-1|bgp
174|17397|-1|bgp
174|17400|-1|bgp
174|17403|-1|bgp
174|17408|-1|bgp
174|17451|-1|bgp
174|17494|-1|bgp
174|17511|-1|bgp
174|17547|-1|bgp
174|17557|-1|bgp
174|17559|-1|bgp
174|17639|-1|bgp
174|17675|-1|bgp
174|17685|-1|bgp
174|17705|-1|bgp
174|17717|-1|bgp
174|17726|-1|bgp
174|17809|-1|bgp
174|17814|-1|bgp
174|17924|-1|bgp
174|17948|-1|bgp
174|17978|-1|bgp
174|17993|-1|bgp
174|18001|-1|bgp
174|18059|-1|bgp
174|18106|-1|bgp
174|18119|-1|bgp
174|18187|-1|bgp
174|18200|-1|bgp
174|18233|-1|bgp
174|18283|-1|bgp
174|18351|-1|bgp
174|18434|-1|bgp
174|18438|-1|bgp
174|18450|-1|bgp
174|18451|-1|bgp
174|18474|-1|bgp
174|18480|-1|bgp
174|18484|-1|bgp
174|18485|-1|bgp
174|18486|-1|bgp
174|18489|-1|bgp
174|18490|-1|bgp
174|18491|-1|bgp
174|18501|-1|bgp
174|18518|-1|bgp
174|18530|-1|bgp
174|18543|-1|bgp
174|18564|-1|bgp
174|18590|-1|bgp
174|18593|-1|bgp
174|18596|-1|bgp
174|18615|-1|bgp
174|18616|-1|bgp
174|18619|-1|bgp
174|18624|-1|bgp
174|18629|-1|bgp
174|18640|-1|bgp
174|18646|-1|bgp
174|18650|-1|bgp
174|18656|-1|bgp
174|18676|-1|bgp
174|18684|-1|bgp
174|18692|-1|bgp
174|18698|-1|bgp
174|18724|-1|bgp
174|18734|-1|bgp
174|18742|-1|bgp
174|18747|-1|bgp
174|18762|-1|bgp
174|18771|-1|bgp
174|18776|-1|bgp
174|18778|-1|bgp
174|18779|-1|bgp
174|18801|-1|bgp
174|18807|-1|bgp
174|18838|-1|bgp
174|18859|-1|bgp
174|18860|-1|bgp
174|18865|-1|bgp
174|18880|-1|bgp
174|18888|-1|bgp
174|18907|-1|bgp
174|18911|-1|bgp
174|18914|-1|bgp
174|18929|-1|bgp
174|18938|-1|bgp
174|18961|-1|bgp
174|18966|-1|bgp
174|18969|-1|bgp
174|18978|-1|bgp
174|18983|-1|bgp
174|18988|-1|bgp
174|18997|-1|bgp
174|19009|-1|bgp
174|19016|-1|bgp
174|19021|-1|bgp
174|19024|-1|bgp
174|19037|-1|bgp
174|19045|-1|bgp
174|19054|-1|bgp
174|19091|-1|bgp
174|19098|-1|bgp
174|19099|-1|bgp
174|19108|-1|bgp
174|19112|-1|bgp
174|19116|-1|bgp
174|19122|-1|bgp
174|19126|-1|bgp
174|19148|-1|bgp
174|19149|-1|bgp
174|19151|-1|bgp
174|19155|-1|bgp
174|19162|-1|bgp
174|19165|-1|bgp
174|19170|-1|bgp
174|19174|-1|bgp
174|19188|-1|bgp
174|19189|-1|bgp
174|19203|-1|bgp
174|19209|-1|bgp
174|19210|-1|bgp
174|19211|-1|bgp
174|19212|-1|bgp
174|19214|-1|bgp
174|19215|-1|bgp
174|19222|-1|bgp
174|19224|-1|bgp
174|19229|-1|bgp
174|19237|-1|bgp
174|19240|-1|bgp
174|19242|-1|bgp
174|19256|-1|bgp
174|19257|-1|bgp
174|19261|-1|bgp
174|19277|-1|bgp
174|19310|-1|bgp
174|19313|-1|bgp
174|19316|-1|bgp
174|19318|-1|bgp
174|19331|-1|bgp
174|19332|-1|bgp
174|19359|-1|bgp
174|19367|-1|bgp
174|19368|-1|bgp
174|19380|-1|bgp
174|19382|-1|bgp
174|19383|-1|bgp
174|19397|-1|bgp
174|19404|-1|bgp
174|19406|-1|bgp
174|19427|-1|bgp
174|19429|-1|bgp
174|19452|-1|bgp
174|19453|-1|bgp
174|19464|-1|bgp
174|19465|-1|bgp
174|19469|-1|bgp
174|19504|-1|bgp
174|19523|-1|bgp
174|19527|-1|bgp
174|19531|-1|bgp
174|19543|-1|bgp
174|19545|-1|bgp
174|19551|-1|bgp
174|19578|-1|bgp
174|19580|-1|bgp
174|19596|-1|bgp
174|19601|-1|bgp
174|19622|-1|bgp
174|19624|-1|bgp
174|19627|-1|bgp
174|19628|-1|bgp
174|19630|-1|bgp
174|19679|-1|bgp
174|19683|-1|bgp
174|19689|-1|bgp
174|19693|-1|bgp
174|19696|-1|bgp
174|19701|-1|bgp
174|19707|-1|bgp
174|19711|-1|bgp
174|19730|-1|bgp
174|19734|-1|bgp
174|19738|-1|bgp
174|19740|-1|bgp
174|19744|-1|bgp
174|19746|-1|bgp
174|19752|-1|bgp
174|19753|-1|bgp
174|19771|-1|bgp
174|19780|-1|bgp
174|19782|-1|bgp
174|19787|-1|bgp
174|19796|-1|bgp
174|19797|-1|bgp
174|19803|-1|bgp
174|19804|-1|bgp
174|19808|-1|bgp
174|19810|-1|bgp
174|19816|-1|bgp
174|19819|-1|bgp
174|19830|-1|bgp
174|19840|-1|bgp
174|19841|-1|bgp
174|19842|-1|bgp
174|19855|-1|bgp
174|19858|-1|bgp
174|19860|-1|bgp
174|19863|-1|bgp
174|19871|-1|bgp
174|19881|-1|bgp
174|19889|-1|bgp
174|19898|-1|bgp
174|19899|-1|bgp
174|19931|-1|bgp
174|19955|-1|bgp
174|19969|-1|bgp
174|19970|-1|bgp
174|19977|-1|bgp
174|19984|-1|bgp
174|19999|-1|bgp
174|20000|-1|bgp
174|20007|-1|bgp
174|20018|-1|bgp
174|20053|-1|bgp
174|20055|-1|bgp
174|20068|-1|bgp
174|20075|-1|bgp
174|20078|-1|bgp
174|20081|-1|bgp
174|20090|-1|bgp
174|20100|-1|bgp
174|20109|-1|bgp
174|20135|-1|bgp
174|20139|-1|bgp
174|20141|-1|bgp
174|20159|-1|bgp
174|20167|-1|bgp
174|20171|-1|bgp
174|20205|-1|bgp
174|20234|-1|bgp
174|20236|-1|bgp
174|20252|-1|bgp
174|20253|-1|bgp
174|20257|-1|bgp
174|20258|-1|bgp
174|20264|-1|bgp
174|20270|-1|bgp
174|20278|-1|bgp
174|20282|-1|bgp
174|20303|-1|bgp
174|20326|-1|bgp
174|20340|-1|bgp
174|20347|-1|bgp
174|20353|-1|bgp
174|20371|-1|bgp
174|20381|-1|bgp
174|20383|-1|bgp
174|20384|-1|bgp
174|20385|-1|bgp
174|20388|-1|bgp
174|20394|-1|bgp
174|20412|-1|bgp
174|20413|-1|bgp
174|20414|-1|bgp
174|20432|-1|bgp
174|20448|-1|bgp
174|20459|-1|bgp
174|20460|-1|bgp
174|20464|-1|bgp
174|20469|-1|bgp
174|20473|-1|bgp
174|20474|-1|bgp
174|20477|-1|bgp
174|20478|-1|bgp
174|20485|-1|bgp
174|20495|-1|bgp
174|20545|-1|bgp
174|20546|-1|bgp
174|20559|-1|bgp
174|20596|-1|bgp
174|20612|-1|bgp
174|20618|-1|bgp
174|20645|-1|bgp
174|20652|-1|bgp
174|20679|-1|bgp
174|20710|-1|bgp
174|20712|-1|bgp
174|20723|-1|bgp
174|20756|-1|bgp
174|20764|-1|bgp
174|20771|-1|bgp
174|20830|-1|bgp
174|20836|0|bgp
174|20853|-1|bgp
174|20857|-1|bgp
174|20860|-1|bgp
174|20878|-1|bgp
174|20886|-1|bgp
174|20893|-1|bgp
174|20900|-1|bgp
174|20912|-1|bgp
174|20915|-1|bgp
174|20926|-1|bgp
174|20932|-1|bgp
174|20940|-1|bgp
174|20955|-1|bgp
174|20969|-1|bgp
174|20973|-1|bgp
174|20986|-1|bgp
174|20994|-1|bgp
174|21013|-1|bgp
174|21100|-1|bgp
174|21130|-1|bgp
174|21159|-1|bgp
174|21161|-1|bgp
174|21233|-1|bgp
174|21235|-1|bgp
174|21245|-1|bgp
174|21263|-1|bgp
174|21267|-1|bgp
174|21277|-1|bgp
174|21309|-1|bgp
174|21320|-1|bgp
174|21321|-1|bgp
174|21360|-1|bgp
174|21409|-1|bgp
174|21412|-1|bgp
174|21430|-1|bgp
174|21433|-1|bgp
174|21472|-1|bgp
174|21488|-1|bgp
174|21504|-1|bgp
174|21511|-1|bgp
174|21515|-1|bgp
174|21540|-1|bgp
174|21552|-1|bgp
174|21554|-1|bgp
174|21555|-1|bgp
174|21557|-1|bgp
174|21559|-1|bgp
174|21574|-1|bgp
174|21581|-1|bgp
174|21611|-1|bgp
174|21619|-1|bgp
174|21622|-1|bgp
174|21623|-1|bgp
174|21624|-1|bgp
174|21628|-1|bgp
174|21636|-1|bgp
174|21644|-1|bgp
174|21666|-1|bgp
174|21668|-1|bgp
174|21670|-1|bgp
174|21675|-1|bgp
174|21682|-1|bgp
174|21693|-1|bgp
174|21700|-1|bgp
174|21709|-1|bgp
174|21719|-1|bgp
174|21721|-1|bgp
174|21723|-1|bgp
174|21737|-1|bgp
174|21748|-1|bgp
174|21757|-1|bgp
174|21763|-1|bgp
174|21766|-1|bgp
174|21782|-1|bgp
174|21784|-1|bgp
174|21785|-1|bgp
174|21787|-1|bgp
174|21826|-1|bgp
174|21832|-1|bgp
174|21833|-1|bgp
174|21837|-1|bgp
174|21859|-1|bgp
174|21860|-1|bgp
174|21869|-1|bgp
174|21879|-1|bgp
174|21886|-1|bgp
174|21949|-1|bgp
174|21968|-1|bgp
174|21975|-1|bgp
174|21979|-1|bgp
174|21981|-1|bgp
174|21982|-1|bgp
174|21986|-1|bgp
174|21989|-1|bgp
174|22006|-1|bgp
174|22018|-1|bgp
174|22027|-1|bgp
174|22040|-1|bgp
174|22042|-1|bgp
174|22044|-1|bgp
174|22047|-1|bgp
174|22056|-1|bgp
174|22060|-1|bgp
174|22062|-1|bgp
174|22069|-1|bgp
174|22071|-1|bgp
174|22075|-1|bgp
174|22077|-1|bgp
174|22088|-1|bgp
174|22097|-1|bgp
174|22104|-1|bgp
174|22107|0|bgp
174|22111|-1|bgp
174|22116|-1|bgp
174|22132|-1|bgp
174|22138|-1|bgp
174|22151|-1|bgp
174|22155|-1|bgp
174|22156|-1|bgp
174|22172|-1|bgp
174|22179|-1|bgp
174|22188|-1|bgp
174|22191|-1|bgp
174|22200|-1|bgp
174|22202|-1|bgp
174|22216|-1|bgp
174|22225|-1|bgp
174|22238|-1|bgp
174|22241|-1|bgp
174|22244|-1|bgp
174|22268|-1|bgp
174|22288|-1|bgp
174|22290|-1|bgp
174|22297|-1|bgp
174|22299|-1|bgp
174|22300|-1|bgp
174|22302|-1|bgp
174|22313|-1|bgp
174|22316|-1|bgp
174|22322|-1|bgp
174|22324|-1|bgp
174|22332|-1|bgp
174|22338|-1|bgp
174|22340|-1|bgp
174|22347|-1|bgp
174|22359|-1|bgp
174|22360|-1|bgp
174|22361|-1|bgp
174|22362|-1|bgp
174|22363|-1|bgp
174|22369|-1|bgp
174|22379|-1|bgp
174|22389|-1|bgp
174|22395|-1|bgp
174|22399|-1|bgp
174|22402|-1|bgp
174|22414|-1|bgp
174|22418|-1|bgp
174|22422|-1|bgp
174|22423|-1|bgp
174|22427|-1|bgp
174|22436|-1|bgp
174|22439|-1|bgp
174|22444|-1|bgp
174|22478|-1|bgp
174|22481|-1|bgp
174|22483|-1|bgp
174|22484|-1|bgp
174|22491|-1|bgp
174|22507|-1|bgp
174|22541|-1|bgp
174|22549|-1|bgp
174|22552|-1|bgp
174|22554|-1|bgp
174|22583|-1|bgp
174|22593|-1|bgp
174|22604|-1|bgp
174|22611|-1|bgp
174|22612|-1|bgp
174|22618|-1|bgp
174|22620|-1|bgp
174|22626|-1|bgp
174|22631|-1|bgp
174|22633|-1|bgp
174|22639|-1|bgp
174|22644|-1|bgp
174|22645|-1|bgp
174|22647|-1|bgp
174|22651|-1|bgp
174|22652|-1|bgp
174|22654|-1|bgp
174|22662|-1|bgp
174|22663|-1|bgp
174|22687|-1|bgp
174|22697|-1|bgp
174|22705|-1|bgp
174|22709|-1|bgp
174|22722|-1|bgp
174|22724|-1|bgp
174|22727|-1|bgp
174|22738|-1|bgp
174|22742|-1|bgp
174|22747|-1|bgp
174|22755|-1|bgp
174|22764|-1|bgp
174|22775|-1|bgp
174|22781|-1|bgp
174|22800|-1|bgp
174|22804|-1|bgp
174|22805|-1|bgp
174|22808|-1|bgp
174|22820|-1|bgp
174|22822|-1|bgp
174|22830|-1|bgp
174|22834|-1|bgp
174|22840|-1|bgp
174|22845|-1|bgp
174|22850|-1|bgp
174|22860|-1|bgp
174|22875|-1|bgp
174|22890|-1|bgp
174|22892|-1|bgp
174|22894|-1|bgp
174|22898|-1|bgp
174|22904|-1|bgp
174|22908|-1|bgp
174|22911|-1|bgp
174|22917|-1|bgp
174|22926|-1|bgp
174|22931|-1|bgp
174|22937|-1|bgp
174|22945|-1|bgp
174|22973|-1|bgp
174|22984|-1|bgp
174|22990|-1|bgp
174|22994|-1|bgp
174|23000|-1|bgp
174|23004|-1|bgp
174|23013|-1|bgp
174|23015|-1|bgp
174|23029|-1|bgp
174|23033|-1|bgp
174|23047|-1|bgp
174|23058|-1|bgp
174|23068|-1|bgp
174|23069|-1|bgp
174|23078|-1|bgp
174|23088|-1|bgp
174|23089|-1|bgp
174|23096|-1|bgp
174|23103|-1|bgp
174|23106|-1|bgp
174|23109|-1|bgp
174|23114|-1|bgp
174|23118|-1|bgp
174|23131|-1|bgp
174|23136|-1|bgp
174|23155|-1|bgp
174|23158|-1|bgp
174|23174|-1|bgp
174|23175|-1|bgp
174|23187|-1|bgp
174|23188|-1|bgp
174|23191|-1|bgp
174|23193|-1|bgp
174|23194|-1|bgp
174|23197|-1|bgp
174|23211|-1|bgp
174|23226|-1|bgp
174|23232|-1|bgp
174|23245|-1|bgp
174|23252|-1|bgp
174|23260|-1|bgp
174|23268|-1|bgp
174|23275|-1|bgp
174|23293|-1|bgp
174|23304|-1|bgp
174|23316|-1|bgp
174|23325|-1|bgp
174|23335|-1|bgp
174|23344|-1|bgp
174|23352|0|bgp
174|23356|-1|bgp
174|23363|-1|bgp
174|23376|-1|bgp
174|23379|-1|bgp
174|23387|-1|bgp
174|23406|-1|bgp
174|23413|-1|bgp
174|23438|-1|bgp
174|23439|-1|bgp
174|23442|-1|bgp
174|23471|-1|bgp
174|23473|-1|bgp
174|23481|-1|bgp
174|23486|-1|bgp
174|23487|-1|bgp
174|23499|-1|bgp
174|23507|-1|bgp
174|23514|-1|bgp
174|23515|-1|bgp
174|23520|-1|bgp
174|23528|-1|bgp
174|23535|-1|bgp
174|23576|-1|bgp
174|23657|-1|bgp
174|23673|-1|bgp
174|23764|-1|bgp
174|23881|-1|bgp
174|23889|-1|bgp
174|23944|-1|bgp
174|23947|-1|bgp
174|24149|-1|bgp
174|24492|-1|bgp
174|24516|-1|bgp
174|24534|-1|bgp
174|24538|-1|bgp
174|24586|-1|bgp
174|24592|-1|bgp
174|24594|-1|bgp
174|24633|-1|bgp
174|24637|-1|bgp
174|24700|-1|bgp
174|24743|-1|bgp
174|24750|-1|bgp
174|24753|-1|bgp
174|24768|-1|bgp
174|24776|-1|bgp
174|24806|-1|bgp
174|24830|-1|bgp
174|24867|-1|bgp
174|24875|-1|bgp
174|24880|-1|bgp
174|24904|-1|bgp
174|24909|-1|bgp
174|24916|-1|bgp
174|24940|-1|bgp
174|24951|-1|bgp
174|24958|-1|bgp
174|24992|-1|bgp
174|24993|-1|bgp
174|25022|-1|bgp
174|25098|-1|bgp
174|25111|-1|bgp
174|25122|-1|bgp
174|25160|-1|bgp
174|25180|-1|bgp
174|25198|-1|bgp
174|25229|-1|bgp
174|25248|-1|bgp
174|25250|-1|bgp
174|25273|-1|bgp
174|25286|-1|bgp
174|25335|-1|bgp
174|25358|-1|bgp
174|25369|-1|bgp
174|25374|-1|bgp
174|25375|-1|bgp
174|25376|-1|bgp
174|25394|-1|bgp
174|25424|-1|bgp
174|25441|-1|bgp
174|25447|-1|bgp
174|25455|-1|bgp
174|25459|0|bgp
174|25466|-1|bgp
174|25467|-1|bgp
174|25509|-1|bgp
174|25512|-1|bgp
174|25612|-1|bgp
174|25614|-1|bgp
174|25619|-1|bgp
174|25627|-1|bgp
174|25630|-1|bgp
174|25643|-1|bgp
174|25645|-1|bgp
174|25651|-1|bgp
174|25653|-1|bgp
174|25655|-1|bgp
174|25673|-1|bgp
174|25675|-1|bgp
174|25677|-1|bgp
174|25678|-1|bgp
174|25687|-1|bgp
174|25689|-1|bgp
174|25697|-1|bgp
174|25710|-1|bgp
174|25712|-1|bgp
174|25740|-1|bgp
174|25755|-1|bgp
174|25770|-1|bgp
174|25788|-1|bgp
174|25791|-1|bgp
174|25798|-1|bgp
174|25801|-1|bgp
174|25808|-1|bgp
174|25816|-1|bgp
174|25818|-1|bgp
174|25821|-1|bgp
174|25829|-1|bgp
174|25831|-1|bgp
174|25837|-1|bgp
174|25840|-1|bgp
174|25841|-1|bgp
174|25842|-1|bgp
174|25843|-1|bgp
174|25849|-1|bgp
174|25871|-1|bgp
174|25875|-1|bgp
174|25892|-1|bgp
174|25896|-1|bgp
174|25909|-1|bgp
174|25914|-1|bgp
174|25934|-1|bgp
174|25935|-1|bgp
174|25943|-1|bgp
174|25952|-1|bgp
174|25953|-1|bgp
174|25955|-1|bgp
174|25980|-1|bgp
174|25981|-1|bgp
174|25985|-1|bgp
174|25995|-1|bgp
174|25997|-1|bgp
174|26004|-1|bgp
174|26018|-1|bgp
174|26042|-1|bgp
174|26054|-1|bgp
174|26057|-1|bgp
174|26058|-1|bgp
174|26075|-1|bgp
174|26076|-1|bgp
174|26110|-1|bgp
174|26125|-1|bgp
174|26154|-1|bgp
174|26172|-1|bgp
174|26189|-1|bgp
174|26200|-1|bgp
174|26208|-1|bgp
174|26209|-1|bgp
174|26211|-1|bgp
174|26215|-1|bgp
174|26223|-1|bgp
174|26237|-1|bgp
174|26253|-1|bgp
174|26269|-1|bgp
174|26271|-1|bgp
174|26277|-1|bgp
174|26288|-1|bgp
174|26290|-1|bgp
174|26292|-1|bgp
174|26311|-1|bgp
174|26338|-1|bgp
174|26342|0|bgp
174|26347|-1|bgp
174|26353|-1|bgp
174|26357|-1|bgp
174|26365|-1|bgp
174|26367|-1|bgp
174|26374|-1|bgp
174|26375|-1|bgp
174|26388|-1|bgp
174|26395|-1|bgp
174|26407|-1|bgp
174|26413|-1|bgp
174|26417|-1|bgp
174|26420|-1|bgp
174|26446|-1|bgp
174|26447|-1|bgp
174|26455|-1|bgp
174|26459|-1|bgp
174|26462|-1|bgp
174|26465|-1|bgp
174|26467|-1|bgp
174|26476|-1|bgp
174|26479|-1|bgp
174|26483|-1|bgp
174|26485|-1|bgp
174|26503|-1|bgp
174|26508|-1|bgp
174|26512|-1|bgp
174|26517|-1|bgp
174|26523|-1|bgp
174|26531|-1|bgp
174|26541|-1|bgp
174|26550|-1|bgp
174|26554|-1|bgp
174|26558|-1|bgp
174|26582|-1|bgp
174|26629|-1|bgp
174|26632|-1|bgp
174|26643|-1|bgp
174|26650|-1|bgp
174|26651|-1|bgp
174|26652|-1|bgp
174|26653|-1|bgp
174|26654|-1|bgp
174|26660|-1|bgp
174|26662|-1|bgp
174|26667|-1|bgp
174|26677|-1|bgp
174|26686|-1|bgp
174|26688|-1|bgp
174|26694|-1|bgp
174|26700|-1|bgp
174|26716|-1|bgp
174|26724|-1|bgp
174|26725|-1|bgp
174|26732|-1|bgp
174|26744|-1|bgp
174|26747|-1|bgp
174|26750|-1|bgp
174|26763|-1|bgp
174|26767|-1|bgp
174|26775|-1|bgp
174|26778|-1|bgp
174|26779|-1|bgp
174|26782|-1|bgp
174|26785|-1|bgp
174|26801|-1|bgp
174|26817|-1|bgp
174|26819|-1|bgp
174|26821|-1|bgp
174|26824|-1|bgp
174|26827|-1|bgp
174|26831|-1|bgp
174|26832|-1|bgp
174|26835|-1|bgp
174|26838|-1|bgp
174|26859|-1|bgp
174|26873|-1|bgp
174|26881|-1|bgp
174|26891|-1|bgp
174|26919|-1|bgp
174|26931|-1|bgp
174|26932|-1|bgp
174|26938|-1|bgp
174|26941|-1|bgp
174|26950|-1|bgp
174|26955|-1|bgp
174|26962|-1|bgp
174|26968|-1|bgp
174|26970|-1|bgp
174|26974|-1|bgp
174|26978|-1|bgp
174|26984|-1|bgp
174|26988|-1|bgp
174|26991|-1|bgp
174|26996|-1|bgp
174|26997|-1|bgp
174|27005|-1|bgp
174|27006|-1|bgp
174|27015|-1|bgp
174|27029|-1|bgp
174|27170|-1|bgp
174|27173|-1|bgp
174|27204|-1|bgp
174|27219|-1|bgp
174|27235|-1|bgp
174|27240|-1|bgp
174|27245|-1|bgp
174|27257|-1|bgp
174|27258|-1|bgp
174|27265|-1|bgp
174|27281|-1|bgp
174|27288|-1|bgp
174|27313|-1|bgp
174|27335|-1|bgp
174|27339|-1|bgp
174|27348|-1|bgp
174|27360|-1|bgp
174|27367|-1|bgp
174|27377|-1|bgp
174|27385|-1|bgp
174|27390|-1|bgp
174|27400|-1|bgp
174|27409|-1|bgp
174|27411|-1|bgp
174|27419|-1|bgp
174|27446|-1|bgp
174|27447|-1|bgp
174|27451|-1|bgp
174|27457|-1|bgp
174|27487|-1|bgp
174|27495|-1|bgp
174|27499|-1|bgp
174|27514|-1|bgp
174|27516|-1|bgp
174|27531|-1|bgp
174|27533|-1|bgp
174|27536|-1|bgp
174|27549|-1|bgp
174|27553|-1|bgp
174|27554|-1|bgp
174|27561|-1|bgp
174|27569|-1|bgp
174|27578|-1|bgp
174|27585|-1|bgp
174|27589|-1|bgp
174|27593|-1|bgp
174|27602|-1|bgp
174|27611|-1|bgp
174|27616|-1|bgp